----------------------------------------------------
             NSW      VIC      QLD       SA       WA
-------  -------  -------  -------  -------  -------
2005     6,438.8  3,191.5    856.9  3,964.5  7,932.2

2006     5,592.9  2,969.2    965.6  3,868.2  7,406.7

2007     5,671.1  3,081.9    808.1  4,140.7  6,477.2

2008     6,312.0  3,375.0    872.6  4,130.8  7,264.6

2009     6,295.0  3,491.6  1,208.5  3,978.7  7,899.3

2010     6,106.0  3,488.4  1,173.0  3,782.9  8,270.6

2011     6,157.6  3,456.8  1,216.7  3,821.1  7,715.1

2012     5,969.1  3,410.5  1,205.0  3,837.8  8,252.2

2013     5,852.2  3,457.0  1,222.3  3,776.3  8,097.2

2014     5,313.9  3,284.1  1,105.3  3,448.3  8,248.9

2015     5,840.5  3,384.9  1,129.5  3,986.0  8,271.5

----------------------------------------------------