------------------------------------------------------
              NSW      VIC      QLD       SA        WA
-------  --------  -------  -------  -------  --------
2005     10,712.2  4,214.4  1,391.2  5,297.5  12,977.8

2006     11,981.3  6,266.8  1,433.4  7,517.9  13,944.6

2007      3,794.1  1,747.9    924.2  2,793.1   8,278.1

2008      3,999.2  4,691.7  1,194.1  4,705.7  10,760.5

2009      9,438.4  3,887.4  2,325.6  4,863.4  13,784.6

2010      7,787.0  5,889.1  1,616.9  7,035.5  12,943.0

2011     14,783.6  7,625.2  1,820.6  9,316.1   8,044.1

2012     11,952.1  7,352.0  2,328.7  7,371.5  16,600.0

2013     11,123.4  6,885.6  2,156.0  6,469.7  11,243.1

2014      9,773.0  6,774.6  1,516.2  7,221.3  16,509.8

2015      9,230.0  5,531.7  1,417.0  7,574.4  14,550.7

------------------------------------------------------